00000000000000111111100000000000000
00000000000111111111111100000000000
00000000011111000000011111000000000
00000001111000000000000011110000000
00000011100000000000000000111000000
00000111000000000000000000011100000
00001100000000000000000000000110000
00011100000000000000000000000111000
00011000000000000000000000000011000
00110000001100000000000110000001100
00110000011100000000000111000001100
01100001111000000000000011110000110
01100011110000000000000001111000110
01100011000000000000000000011000110
11000000000000000000000000000000011
11000000110000000000000001100000011
11000000111000000000000011100000011
11000000011100000000000111000000011
11000000001110000000001110000000011
11000000000110000000001100000000011
11000000001110000000001110000000011
01100000011100000000000111000000110
01100000111000000000000011100000110
01100000110000000000000001100000110
00110000000000000000000000000001100
00110000000000011111000000000001100
00011000000000111111100000000011000
00011100000001110001110000000111000
00001100000001100000110000000110000
00000111000000000000000000011100000
00000011100000000000000000111000000
00000001111000000000000011110000000
00000000011111000000011111000000000
00000000000111111111111100000000000
00000000000000111111100000000000000