00000000000000111111100000000000000
00000000000111111111111100000000000
00000000011111000000011111000000000
00000001111000000000000011110000000
00000011100000000000000000111000000
00000111000000000000000000011100000
00001100000000000000000000000110000
00011100000000000000000000000111000
00011000000000000000000000000011000
00110000000000000000000000000001100
00110000000000000000000000000001100
01100000000000000000000000000000110
01100000000000000000000000000000110
01100000111111110001111111100000110
11000000111111110001111111100000011
11000000000000000000000000000000011
11000000000000000000000000000000011
11000000000000000000000000000000011
11000000000000000000000000000000011
11000000000000000000000000000000011
11000000000000000000000000000000011
01100000000000000000000000000000110
01100000000000000000000000000000110
01100000000000000000000000000000110
00110000000000000000000000000001100
00110000111111111111111111100001100
00011000111111111111111111100011000
00011100000000000000000000000111000
00001100000000000000000000000110000
00000111000000000000000000011100000
00000011100000000000000000111000000
00000001111000000000000011110000000
00000000011111000000011111000000000
00000000000111111111111100000000000
00000000000000111111100000000000000